   1.0000000e+00	   0.0000000e+00	
   1.0000000e+00	   2.9236890e-30	
   1.0000000e+00	   5.2687725e-30	
   1.0000000e+00	   6.4863776e-30	
   1.0000000e+00	   6.8131265e-30	
   1.0000000e+00	   7.0679390e-30	
   1.0000000e+00	   7.7932346e-30	
   1.0000000e+00	   8.9199725e-30	
   1.0000000e+00	   1.0120307e-29	
   1.0000000e+00	   1.0723850e-29	
   1.0000000e+00	   1.0184943e-29	
   1.0000000e+00	   8.9582273e-30	
   1.0000000e+00	   7.9931502e-30	
   1.0000000e+00	   7.7121721e-30	
   1.0000000e+00	   7.9419541e-30	
   1.0000000e+00	   8.3207844e-30	
   1.0000000e+00	   8.6489462e-30	
   1.0000000e+00	   9.0192664e-30	
   1.0000000e+00	   9.4971908e-30	
   1.0000000e+00	   9.8606891e-30	
   1.0000000e+00	   9.9167009e-30	
   1.0000000e+00	   9.6674367e-30	
   1.0000000e+00	   9.0654773e-30	
   1.0000000e+00	   8.0605234e-30	
   1.0000000e+00	   6.9413218e-30	
   1.0000000e+00	   6.2687724e-30	
   1.0000000e+00	   6.3820009e-30	
   1.0000000e+00	   7.1488962e-30	
   1.0000000e+00	   8.1514914e-30	
   1.0000000e+00	   8.9554773e-30	
   1.0000000e+00	   9.2835935e-30	
   1.0000000e+00	   9.1520827e-30	
   1.0000000e+00	   9.0106092e-30	
   1.0000000e+00	   2.2771264e-29	
   1.0000000e+00	   1.9857645e-27	
   1.0000000e+00	   1.3836072e-25	
   1.0000000e+00	   4.9034044e-24	
   1.0000000e+00	   1.0579967e-22	
   1.0000000e+00	   1.5713509e-21	
   1.0000000e+00	   1.8712221e-20	
   1.0000000e+00	   1.5285157e-18	
   1.0000000e+00	   4.5532470e-16	
   1.0000000e+00	   4.9657345e-14	
   1.0000000e+00	   1.7876568e-12	
   1.0000000e+00	   3.5110953e-11	
   1.0000000e+00	   4.5748846e-10	
   9.9999995e-01	   4.3653689e-09	
   9.9999966e-01	   3.2299723e-08	
   9.9999795e-01	   1.9231193e-07	
   9.9998994e-01	   9.4353973e-07	
   9.9995883e-01	   3.8617268e-06	
   9.9985889e-01	   1.3236544e-05	
   9.9959523e-01	   3.7967398e-05	
   9.9902934e-01	   9.1048402e-05	
   9.9804654e-01	   1.8323552e-04	
   9.9666035e-01	   3.1326060e-04	
   9.9504551e-01	   4.6473395e-04	
   9.9343953e-01	   6.1537560e-04	
   9.9200397e-01	   7.5003208e-04	
   9.9077653e-01	   8.6516639e-04	
   9.8971925e-01	   9.6434014e-04	
   9.8876720e-01	   1.0536423e-03	
   9.8785431e-01	   1.1392719e-03	
   9.8693270e-01	   1.2257197e-03	
   9.8597444e-01	   1.3156052e-03	
   9.8496401e-01	   1.4103841e-03	
   9.8389234e-01	   1.5109069e-03	
   9.8275387e-01	   1.6176960e-03	
   9.8154512e-01	   1.7310772e-03	
   9.8026391e-01	   1.8512553e-03	
   9.7890879e-01	   1.9783667e-03	
   9.7747863e-01	   2.1125162e-03	
   9.7597235e-01	   2.2538062e-03	
   9.7438865e-01	   2.4023585e-03	
   9.7272584e-01	   2.5583309e-03	
   9.7098173e-01	   2.7219288e-03	
   9.6915358e-01	   2.8934105e-03	
   9.6723803e-01	   3.0730901e-03	
   9.6523113e-01	   3.2613386e-03	
   9.6312828e-01	   3.4585868e-03	
   9.6092420e-01	   3.6653309e-03	
   9.5861281e-01	   3.8821401e-03	
   9.5618716e-01	   4.1096673e-03	
   9.5363927e-01	   4.3486610e-03	
   9.5095999e-01	   4.5999781e-03	
   9.4813890e-01	   4.8645983e-03	
   9.4516406e-01	   5.1436397e-03	
   9.4202188e-01	   5.4383774e-03	
   9.3869689e-01	   5.7502637e-03	
   9.3517149e-01	   6.0809477e-03	
   9.3142589e-01	   6.4322872e-03	
   9.2743844e-01	   6.8063118e-03	
   9.2318777e-01	   7.2050267e-03	
   9.1865884e-01	   7.6298429e-03	
   9.1385414e-01	   8.0805266e-03	
   9.0880512e-01	   8.5541274e-03	
   9.0357219e-01	   9.0449788e-03	
   8.9822694e-01	   9.5463660e-03	
   8.9282761e-01	   1.0052826e-02	
   8.8740612e-01	   1.0561364e-02	
   8.8197152e-01	   1.1071133e-02	
   8.7652047e-01	   1.1582444e-02	
   8.7104542e-01	   1.2096006e-02	
   8.6553827e-01	   1.2612580e-02	
   8.5999134e-01	   1.3132885e-02	
   8.5439748e-01	   1.3657592e-02	
   8.4874996e-01	   1.4187332e-02	
   8.4304240e-01	   1.4722705e-02	
   8.3726867e-01	   1.5264284e-02	
   8.3142287e-01	   1.5812622e-02	
   8.2549928e-01	   1.6368259e-02	
   8.1949230e-01	   1.6931717e-02	
   8.1339643e-01	   1.7503512e-02	
   8.0720626e-01	   1.8084153e-02	
   8.0091641e-01	   1.8674144e-02	
   7.9452151e-01	   1.9273989e-02	
   7.8801620e-01	   1.9884191e-02	
   7.8139506e-01	   2.0505257e-02	
   7.7465267e-01	   2.1137696e-02	
   7.6778354e-01	   2.1782025e-02	
   7.6078211e-01	   2.2438763e-02	
   7.5364277e-01	   2.3108436e-02	
   7.4635983e-01	   2.3791580e-02	
   7.3892749e-01	   2.4488738e-02	
   7.3133982e-01	   2.5200465e-02	
   7.2359079e-01	   2.5927328e-02	
   7.1567423e-01	   2.6669905e-02	
   7.0758396e-01	   2.7428776e-02	
   6.9931398e-01	   2.8204505e-02	
   6.9085867e-01	   2.8997618e-02	
   6.8221290e-01	   2.9808595e-02	
   6.7337190e-01	   3.0637886e-02	
   6.6433088e-01	   3.1485938e-02	
   6.5508489e-01	   3.2353217e-02	
   6.4562889e-01	   3.3240194e-02	
   6.3595825e-01	   3.4147306e-02	
   6.2606949e-01	   3.5074876e-02	
   6.1596114e-01	   3.6023045e-02	
   6.0563396e-01	   3.6991739e-02	
   5.9509023e-01	   3.7980748e-02	
   5.8433249e-01	   3.8989829e-02	
   5.7336363e-01	   4.0018714e-02	
   5.6219035e-01	   4.1066773e-02	
   5.5083297e-01	   4.2132101e-02	
   5.3934097e-01	   4.3210057e-02	
   5.2780407e-01	   4.4292224e-02	
   5.1545617e-01	   4.5450464e-02	
   5.0307171e-01	   4.6612132e-02	
   4.9056271e-01	   4.7785483e-02	
   4.7788437e-01	   4.8974718e-02	
   4.6502250e-01	   5.0181168e-02	
   4.5197786e-01	   5.1404762e-02	
   4.3875704e-01	   5.2644882e-02	
   4.2536957e-01	   5.3900635e-02	
   4.1182842e-01	   5.5170803e-02	
   3.9815202e-01	   5.6453658e-02	
   3.8436652e-01	   5.7746749e-02	
   3.7050625e-01	   5.9046857e-02	
   3.5661083e-01	   6.0350268e-02	
   3.4271939e-01	   6.1653318e-02	
   3.2886558e-01	   6.2952861e-02	
   3.1507610e-01	   6.4246412e-02	
   3.0137205e-01	   6.5532032e-02	
   2.8777089e-01	   6.6808154e-02	
   2.7428922e-01	   6.8073361e-02	
   2.6094985e-01	   6.9325771e-02	
   2.4779846e-01	   7.0561583e-02	
   2.3492897e-01	   7.1772860e-02	
   2.2250269e-01	   7.2945969e-02	
   2.1073800e-01	   7.4062798e-02	
   1.9986451e-01	   7.5105154e-02	
   1.9006528e-01	   7.6059879e-02	
   1.8143836e-01	   7.6921547e-02	
   1.7398926e-01	   7.7691948e-02	
   1.6764386e-01	   7.8378129e-02	
   1.6226932e-01	   7.8990773e-02	
   1.5770205e-01	   7.9542722e-02	
   1.5378140e-01	   8.0046776e-02	
   1.5037433e-01	   8.0513560e-02	
   1.4737967e-01	   8.0950947e-02	
   1.4471894e-01	   8.1365002e-02	
   1.4232837e-01	   8.1760906e-02	
   1.4015749e-01	   8.2142947e-02	
   1.3816860e-01	   8.2514263e-02	
   1.3633309e-01	   8.2877146e-02	
   1.3462732e-01	   8.3233598e-02	
   1.3303120e-01	   8.3585487e-02	
   1.3152859e-01	   8.3934348e-02	
   1.3010702e-01	   8.4281294e-02	
   1.2875626e-01	   8.4627223e-02	
   1.2746704e-01	   8.4973081e-02	
   1.2623059e-01	   8.5319960e-02	
   1.2503885e-01	   8.5669033e-02	
   1.2388451e-01	   8.6021517e-02	
   1.2276074e-01	   8.6378734e-02	
   1.2166084e-01	   8.6742202e-02	
   1.2057807e-01	   8.7113704e-02	
   1.1950559e-01	   8.7495298e-02	
   1.1843687e-01	   8.7889199e-02	
   1.1736653e-01	   8.8297391e-02	
   1.1629225e-01	   8.8720817e-02	
   1.1521695e-01	   8.9158228e-02	
   1.1414998e-01	   8.9605362e-02	
   1.1310521e-01	   9.0055386e-02	
   1.1209636e-01	   9.0500835e-02	
   1.1113221e-01	   9.0935925e-02	
   1.1021469e-01	   9.1357836e-02	
   1.0934007e-01	   9.1766513e-02	
   1.0850159e-01	   9.2163607e-02	
   1.0769186e-01	   9.2551385e-02	
   1.0690406e-01	   9.2932090e-02	
   1.0613209e-01	   9.3307791e-02	
   1.0537032e-01	   9.3680463e-02	
   1.0461342e-01	   9.4052015e-02	
   1.0385657e-01	   9.4424131e-02	
   1.0309609e-01	   9.4797932e-02	
   1.0233020e-01	   9.5173560e-02	
   1.0155942e-01	   9.5550002e-02	
   1.0078581e-01	   9.5925456e-02	
   1.0001143e-01	   9.6298134e-02	
   9.9236955e-02	   9.6666937e-02	
   9.8461409e-02	   9.7031573e-02	
   9.7682616e-02	   9.7392283e-02	
   9.6897786e-02	   9.7749537e-02	
   9.6103832e-02	   9.8103846e-02	
   9.5297621e-02	   9.8455619e-02	
   9.4476410e-02	   9.8804959e-02	
   9.3638528e-02	   9.9151388e-02	
   9.2783898e-02	   9.9493694e-02	
   9.1913775e-02	   9.9830149e-02	
   9.1029522e-02	   1.0015906e-01	
   9.0131260e-02	   1.0047930e-01	
   8.9217318e-02	   1.0079035e-01	
   8.8284570e-02	   1.0109212e-01	
   8.7329049e-02	   1.0138461e-01	
   8.6346334e-02	   1.0166771e-01	
   8.5331712e-02	   1.0194112e-01	
   8.4280334e-02	   1.0220430e-01	
   8.3187462e-02	   1.0245637e-01	
   8.2048493e-02	   1.0269615e-01	
   8.0858483e-02	   1.0292228e-01	
   7.9611407e-02	   1.0313328e-01	
   7.8299694e-02	   1.0332759e-01	
   7.6914189e-02	   1.0350338e-01	
   7.5443914e-02	   1.0365853e-01	
   7.3874545e-02	   1.0379053e-01	
   7.2185346e-02	   1.0389642e-01	
   7.0345594e-02	   1.0397226e-01	
   6.8312098e-02	   1.0401227e-01	
   6.6028835e-02	   1.0400768e-01	
   6.3429583e-02	   1.0394567e-01	
   6.0445214e-02	   1.0380914e-01	
   5.7016632e-02	   1.0357793e-01	
   5.3111376e-02	   1.0323211e-01	
   4.8739526e-02	   1.0275686e-01	
   4.3965012e-02	   1.0214750e-01	
   3.8909900e-02	   1.0141344e-01	
   3.3745810e-02	   1.0057983e-01	
   2.8663448e-02	   9.9684395e-02	
   2.3822313e-02	   9.8767746e-02	
   1.9305747e-02	   9.7861246e-02	
   1.5107989e-02	   9.6979468e-02	
   1.1153549e-02	   9.6121048e-02	
   7.4024455e-03	   9.5293424e-02	
   4.1236691e-03	   9.4580958e-02	
   1.8641735e-03	   9.4118775e-02	
   6.8163687e-04	   9.3899815e-02	
   2.0420836e-04	   9.3823018e-02	
   5.1855861e-05	   9.3803352e-02	
   1.1340708e-05	   9.3800305e-02	
   2.1741954e-06	   9.3800377e-02	
   3.4949111e-07	   9.3800490e-02	
   4.6651707e-08	   9.3800516e-02	
   5.1255923e-09	   9.3800520e-02	
   4.5884480e-10	   9.3800520e-02	
   3.3171260e-11	   9.3800520e-02	
   1.9363661e-12	   9.3800520e-02	
   9.2356991e-14	   9.3800520e-02	
   3.6111848e-15	   9.3800520e-02	
   1.1194754e-16	   9.3800520e-02	
   2.6051601e-18	   9.3800520e-02	
   4.3692122e-20	   9.3800520e-02	
   5.0713215e-22	   9.3800520e-02	
   3.8740000e-24	   9.3800520e-02	
   1.8163665e-26	   9.3800520e-02	
   4.6896582e-29	   9.3800520e-02	
   6.8493630e-32	   9.3800520e-02	
   4.6821935e-34	   9.3800520e-02	
   8.1159160e-36	   9.3800520e-02	
   1.0504188e-37	   9.3800520e-02	
   1.0163747e-39	   9.3800520e-02	
   7.1310888e-42	   9.3800520e-02	
   3.5326399e-44	   9.3800520e-02	
   1.2265791e-46	   9.3800520e-02	
   3.9124287e-49	   9.3800520e-02	
   1.5034420e-51	   9.3800520e-02	
   4.8482658e-54	   9.3800520e-02	
   7.7780096e-57	   9.3800520e-02	
   3.5160397e-60	   9.3800520e-02	
   0.0000000e+00	   9.3800520e-02	
