   1.0000000e+00	   0.0000000e+00	
   1.0000000e+00	   9.1776675e-31	
   1.0000000e+00	   2.7097589e-30	
   1.0000000e+00	   4.6269574e-30	
   1.0000000e+00	   6.1961769e-30	
   1.0000000e+00	   7.4139602e-30	
   1.0000000e+00	   8.3931579e-30	
   1.0000000e+00	   9.0981227e-30	
   1.0000000e+00	   9.4183763e-30	
   1.0000000e+00	   9.3628473e-30	
   1.0000000e+00	   9.1067151e-30	
   1.0000000e+00	   8.8801827e-30	
   1.0000000e+00	   8.8676023e-30	
   1.0000000e+00	   1.5907222e-29	
   1.0000000e+00	   6.9873819e-28	
   1.0000000e+00	   4.5758199e-26	
   1.0000000e+00	   2.2059691e-24	
   1.0000000e+00	   8.2792057e-23	
   1.0000000e+00	   2.5657642e-21	
   1.0000000e+00	   6.7634293e-20	
   1.0000000e+00	   1.5070694e-18	
   1.0000000e+00	   2.7819807e-17	
   1.0000000e+00	   4.2053497e-16	
   1.0000000e+00	   5.2266345e-15	
   1.0000000e+00	   5.4382703e-14	
   1.0000000e+00	   4.8708598e-13	
   1.0000000e+00	   3.8673406e-12	
   1.0000000e+00	   2.7742295e-11	
   1.0000000e+00	   1.8011257e-10	
   9.9999999e-01	   1.0476476e-09	
   9.9999994e-01	   5.4029896e-09	
   9.9999974e-01	   2.4620894e-08	
   9.9999894e-01	   9.9533394e-08	
   9.9999616e-01	   3.5988288e-07	
   9.9998749e-01	   1.1731061e-06	
   9.9996308e-01	   3.4635345e-06	
   9.9990118e-01	   9.2690295e-06	
   9.9976063e-01	   2.2452678e-05	
   9.9947576e-01	   4.9173638e-05	
   9.9896117e-01	   9.7443009e-05	
   9.9813185e-01	   1.7523307e-04	
   9.9693597e-01	   2.8740773e-04	
   9.9538424e-01	   4.3296089e-04	
   9.9355260e-01	   6.0476976e-04	
   9.9154689e-01	   7.9290603e-04	
   9.8945267e-01	   9.8934474e-04	
   9.8731545e-01	   1.1898177e-03	
   9.8516643e-01	   1.3913969e-03	
   9.8306198e-01	   1.5887956e-03	
   9.8106816e-01	   1.7758165e-03	
   9.7916221e-01	   1.9545956e-03	
   9.7723081e-01	   2.1357615e-03	
   9.7517479e-01	   2.3286175e-03	
   9.7294003e-01	   2.5382395e-03	
   9.7050277e-01	   2.7668554e-03	
   9.6785427e-01	   3.0152860e-03	
   9.6499060e-01	   3.2838999e-03	
   9.6190670e-01	   3.5731715e-03	
   9.5859348e-01	   3.8839529e-03	
   9.5503681e-01	   4.2175707e-03	
   9.5121728e-01	   4.5758450e-03	
   9.4711025e-01	   4.9610862e-03	
   9.4268613e-01	   5.3760710e-03	
   9.3791133e-01	   5.8239493e-03	
   9.3275119e-01	   6.3079732e-03	
   9.2717618e-01	   6.8309119e-03	
   9.2117190e-01	   7.3941168e-03	
   9.1474980e-01	   7.9965133e-03	
   9.0795203e-01	   8.6341471e-03	
   9.0084424e-01	   9.3008620e-03	
   8.9349750e-01	   9.9899899e-03	
   8.8596921e-01	   1.0696147e-02	
   8.7829302e-01	   1.1416178e-02	
   8.7048024e-01	   1.2149021e-02	
   8.6252743e-01	   1.2894999e-02	
   8.5442381e-01	   1.3655123e-02	
   8.4615570e-01	   1.4430677e-02	
   8.3770830e-01	   1.5223048e-02	
   8.2906619e-01	   1.6033684e-02	
   8.2021340e-01	   1.6864082e-02	
   8.1113344e-01	   1.7715792e-02	
   8.0180928e-01	   1.8590411e-02	
   7.9222339e-01	   1.9489587e-02	
   7.8235768e-01	   2.0415018e-02	
   7.7219355e-01	   2.1368456e-02	
   7.6171190e-01	   2.2351703e-02	
   7.5089314e-01	   2.3366609e-02	
   7.3971742e-01	   2.4415063e-02	
   7.2816491e-01	   2.5498960e-02	
   7.1621648e-01	   2.6620157e-02	
   7.0385463e-01	   2.7780388e-02	
   6.9106489e-01	   2.8981158e-02	
   6.7783752e-01	   3.0223606e-02	
   6.6416990e-01	   3.1508332e-02	
   6.5006981e-01	   3.2835136e-02	
   6.3555996e-01	   3.4202686e-02	
   6.2068271e-01	   3.5608179e-02	
   6.0550323e-01	   3.7047171e-02	
   5.9010862e-01	   3.8513808e-02	
   5.7460095e-01	   4.0001609e-02	
   5.5908393e-01	   4.1504868e-02	
   5.4364701e-01	   4.3020293e-02	
   5.2835600e-01	   4.4548091e-02	
   5.1429997e-01	   4.5984015e-02	
   5.0065090e-01	   4.7415990e-02	
   4.8759885e-01	   4.8829828e-02	
   4.7526577e-01	   5.0216286e-02	
   4.6370906e-01	   5.1570799e-02	
   4.5293715e-01	   5.2892246e-02	
   4.4292625e-01	   5.4181657e-02	
   4.3363347e-01	   5.5441287e-02	
   4.2500593e-01	   5.6674013e-02	
   4.1698708e-01	   5.7882957e-02	
   4.0952080e-01	   5.9071227e-02	
   4.0255400e-01	   6.0241742e-02	
   3.9603807e-01	   6.1397112e-02	
   3.8992954e-01	   6.2539547e-02	
   3.8419021e-01	   6.3670799e-02	
   3.7878687e-01	   6.4792156e-02	
   3.7369057e-01	   6.5904493e-02	
   3.6887583e-01	   6.7008363e-02	
   3.6432000e-01	   6.8104092e-02	
   3.6000261e-01	   6.9191862e-02	
   3.5590501e-01	   7.0271787e-02	
   3.5200996e-01	   7.1343974e-02	
   3.4830143e-01	   7.2408581e-02	
   3.4476419e-01	   7.3465901e-02	
   3.4138330e-01	   7.4516532e-02	
   3.3814342e-01	   7.5561615e-02	
   3.3502832e-01	   7.6603061e-02	
   3.3202103e-01	   7.7643558e-02	
   3.2910527e-01	   7.8686110e-02	
   3.2626811e-01	   7.9733009e-02	
   3.2350301e-01	   8.0784456e-02	
   3.2081178e-01	   8.1837447e-02	
   3.1820382e-01	   8.2885612e-02	
   3.1569294e-01	   8.3920251e-02	
   3.1329238e-01	   8.4932307e-02	
   3.1100999e-01	   8.5914668e-02	
   3.0884480e-01	   8.6864033e-02	
   3.0678631e-01	   8.7781650e-02	
   3.0481656e-01	   8.8672715e-02	
   3.0291356e-01	   8.9544942e-02	
   3.0105464e-01	   9.0407016e-02	
   2.9921909e-01	   9.1267248e-02	
   2.9739045e-01	   9.2132356e-02	
   2.9555835e-01	   9.3006416e-02	
   2.9371889e-01	   9.3890488e-02	
   2.9187258e-01	   9.4783509e-02	
   2.9002008e-01	   9.5684302e-02	
   2.8815805e-01	   9.6593607e-02	
   2.8627745e-01	   9.7514955e-02	
   2.8436509e-01	   9.8453936e-02	
   2.8240735e-01	   9.9416336e-02	
   2.8039409e-01	   1.0040616e-01	
   2.7832044e-01	   1.0142473e-01	
   2.7618458e-01	   1.0247179e-01	
   2.7398241e-01	   1.0354817e-01	
   2.7170208e-01	   1.0465844e-01	
   2.6932202e-01	   1.0581190e-01	
   2.6681311e-01	   1.0702145e-01	
   2.6414346e-01	   1.0830137e-01	
   2.6128353e-01	   1.0966504e-01	
   2.5821076e-01	   1.1112329e-01	
   2.5491496e-01	   1.1268254e-01	
   2.5140542e-01	   1.1434229e-01	
   2.4771737e-01	   1.1609258e-01	
   2.4391230e-01	   1.1791341e-01	
   2.4006867e-01	   1.1977744e-01	
   2.3626551e-01	   1.2165544e-01	
   2.3256636e-01	   1.2352215e-01	
   2.2900978e-01	   1.2536044e-01	
   2.2560815e-01	   1.2716284e-01	
   2.2235214e-01	   1.2893079e-01	
   2.1921777e-01	   1.3067252e-01	
   2.1617412e-01	   1.3239985e-01	
   2.1319171e-01	   1.3412383e-01	
   2.1025131e-01	   1.3584940e-01	
   2.0735089e-01	   1.3757072e-01	
   2.0450582e-01	   1.3927071e-01	
   2.0173970e-01	   1.4092691e-01	
   1.9907006e-01	   1.4252100e-01	
   1.9649745e-01	   1.4404618e-01	
   1.9400410e-01	   1.4550792e-01	
   1.9156095e-01	   1.4691915e-01	
   1.8913770e-01	   1.4829374e-01	
   1.8671037e-01	   1.4964180e-01	
   1.8426357e-01	   1.5096863e-01	
   1.8178788e-01	   1.5227656e-01	
   1.7927513e-01	   1.5356775e-01	
   1.7671564e-01	   1.5484571e-01	
   1.7409816e-01	   1.5611518e-01	
   1.7141023e-01	   1.5738179e-01	
   1.6863737e-01	   1.5865225e-01	
   1.6576239e-01	   1.5993428e-01	
   1.6276872e-01	   1.6123464e-01	
   1.5964871e-01	   1.6255514e-01	
   1.5641306e-01	   1.6388839e-01	
   1.5309444e-01	   1.6521636e-01	
   1.4974125e-01	   1.6651343e-01	
   1.4640425e-01	   1.6775247e-01	
   1.4312392e-01	   1.6891066e-01	
   1.3992466e-01	   1.6997192e-01	
   1.3681633e-01	   1.7092626e-01	
   1.3379928e-01	   1.7176749e-01	
   1.3086909e-01	   1.7249121e-01	
   1.2801949e-01	   1.7309362e-01	
   1.2524351e-01	   1.7357096e-01	
   1.2253379e-01	   1.7391920e-01	
   1.1988293e-01	   1.7413384e-01	
   1.1728422e-01	   1.7420964e-01	
   1.1473313e-01	   1.7414082e-01	
   1.1222928e-01	   1.7392184e-01	
   1.0977831e-01	   1.7354906e-01	
   1.0739200e-01	   1.7302318e-01	
   1.0508515e-01	   1.7235077e-01	
   1.0286971e-01	   1.7154356e-01	
   1.0074967e-01	   1.7061511e-01	
   9.8719989e-02	   1.6957722e-01	
   9.6769982e-02	   1.6843850e-01	
   9.4888719e-02	   1.6720584e-01	
   9.3068936e-02	   1.6588715e-01	
   9.1307543e-02	   1.6449292e-01	
   8.9603080e-02	   1.6303516e-01	
   8.7952478e-02	   1.6152452e-01	
   8.6349582e-02	   1.5996805e-01	
   8.4786098e-02	   1.5836925e-01	
   8.3253852e-02	   1.5672990e-01	
   8.1746785e-02	   1.5505243e-01	
   8.0261917e-02	   1.5334149e-01	
   7.8799280e-02	   1.5160440e-01	
   7.7361101e-02	   1.4985049e-01	
   7.5950429e-02	   1.4808966e-01	
   7.4569468e-02	   1.4633027e-01	
   7.3218048e-02	   1.4457720e-01	
   7.1892871e-02	   1.4283080e-01	
   7.0588120e-02	   1.4108769e-01	
   6.9297639e-02	   1.3934391e-01	
   6.8018077e-02	   1.3759949e-01	
   6.6751374e-02	   1.3586234e-01	
   6.5504723e-02	   1.3414830e-01	
   6.4287545e-02	   1.3247670e-01	
   6.3107192e-02	   1.3086374e-01	
   6.1965885e-02	   1.2931775e-01	
   6.0860113e-02	   1.2783831e-01	
   5.9781992e-02	   1.2641847e-01	
   5.8721281e-02	   1.2504799e-01	
   5.7667026e-02	   1.2371602e-01	
   5.6608476e-02	   1.2241267e-01	
   5.5535385e-02	   1.2112962e-01	
   5.4437939e-02	   1.1986022e-01	
   5.3306397e-02	   1.1859917e-01	
   5.2130445e-02	   1.1734204e-01	
   5.0898216e-02	   1.1608449e-01	
   4.9595111e-02	   1.1482169e-01	
   4.8202734e-02	   1.1354819e-01	
   4.6698037e-02	   1.1225844e-01	
   4.5052174e-02	   1.1094736e-01	
   4.3228225e-02	   1.0961021e-01	
   4.1177839e-02	   1.0824140e-01	
   3.8838155e-02	   1.0683298e-01	
   3.6129641e-02	   1.0537500e-01	
   3.2950065e-02	   1.0385576e-01	
   2.9163074e-02	   1.0226086e-01	
   2.4629590e-02	   1.0058882e-01	
   1.9463257e-02	   9.8923052e-02	
   1.4669240e-02	   9.7543781e-02	
   1.0395525e-02	   9.6391308e-02	
   6.7915487e-03	   9.5458212e-02	
   4.0194598e-03	   9.4761105e-02	
   2.1216975e-03	   9.4295440e-02	
   9.8469430e-04	   9.4023431e-02	
   3.9593620e-04	   9.3886778e-02	
   1.3688908e-04	   9.3828893e-02	
   4.0884716e-05	   9.3808456e-02	
   1.0508296e-05	   9.3802384e-02	
   2.3239584e-06	   9.3800883e-02	
   4.4429384e-07	   9.3800578e-02	
   7.3848059e-08	   9.3800528e-02	
   1.0696063e-08	   9.3800521e-02	
   1.3454106e-09	   9.3800520e-02	
   1.4572589e-10	   9.3800520e-02	
   1.3429393e-11	   9.3800520e-02	
   1.0380446e-12	   9.3800520e-02	
   6.6237739e-14	   9.3800520e-02	
   3.4302423e-15	   9.3800520e-02	
   1.4169592e-16	   9.3800520e-02	
   4.5940132e-18	   9.3800520e-02	
   1.1541096e-19	   9.3800520e-02	
   2.2314954e-21	   9.3800520e-02	
   3.3271888e-23	   9.3800520e-02	
   3.8589868e-25	   9.3800520e-02	
   3.4889709e-27	   9.3800520e-02	
   2.3922755e-29	   9.3800520e-02	
   1.1605556e-31	   9.3800520e-02	
   3.5964203e-34	   9.3800520e-02	
   6.2978923e-37	   9.3800520e-02	
   5.3662955e-40	   9.3800520e-02	
   1.7021128e-43	   9.3800520e-02	
   0.0000000e+00	   9.3800520e-02	
