   1.0000000e+00	   0.0000000e+00	
   1.0000000e+00	   2.6401062e-31	
   1.0000000e+00	   2.3216163e-31	
   1.0000000e+00	   8.1556307e-31	
   1.0000000e+00	   6.5385604e-30	
   1.0000000e+00	   1.3819941e-29	
   1.0000000e+00	   6.5297807e-29	
   1.0000000e+00	   2.4364731e-28	
   1.0000000e+00	   8.2171839e-28	
   1.0000000e+00	   2.4155023e-27	
   1.0000000e+00	   6.3114387e-27	
   1.0000000e+00	   1.4798864e-26	
   1.0000000e+00	   3.1492339e-26	
   1.0000000e+00	   6.1442621e-26	
   1.0000000e+00	   1.1089044e-25	
   1.0000000e+00	   1.8653583e-25	
   1.0000000e+00	   2.9427116e-25	
   1.0000000e+00	   4.3755535e-25	
   1.0000000e+00	   6.1569812e-25	
   1.0000000e+00	   8.2244810e-25	
   1.0000000e+00	   1.0465163e-24	
   1.0000000e+00	   1.2761598e-24	
   1.0000000e+00	   1.5081475e-24	
   1.0000000e+00	   1.7576759e-24	
   1.0000000e+00	   2.0652222e-24	
   1.0000000e+00	   2.4954410e-24	
   1.0000000e+00	   3.1212899e-24	
   1.0000000e+00	   3.9886257e-24	
   1.0000000e+00	   5.0699954e-24	
   1.0000000e+00	   6.2341664e-24	
   1.0000000e+00	   7.2584396e-24	
   1.0000000e+00	   7.9103435e-24	
   1.0000000e+00	   8.0629348e-24	
   1.0000000e+00	   7.7886038e-24	
   1.0000000e+00	   7.4245020e-24	
   1.0000000e+00	   7.6604986e-24	
   1.0000000e+00	   8.9988253e-24	
   1.0000000e+00	   1.0681193e-23	
   1.0000000e+00	   3.9162542e-23	
   1.0000000e+00	   4.1131220e-20	
   1.0000000e+00	   1.8051471e-17	
   9.9999999e-01	   3.4580617e-09	
   9.9998072e-01	   4.9597347e-06	
   9.9962372e-01	   9.6780761e-05	
   9.9862627e-01	   3.5333111e-04	
   9.9747485e-01	   6.4948262e-04	
   9.9641763e-01	   9.2140526e-04	
   9.9541584e-01	   1.1790694e-03	
   9.9442041e-01	   1.4351001e-03	
   9.9340703e-01	   1.6957458e-03	
   9.9236262e-01	   1.9643757e-03	
   9.9127964e-01	   2.2429234e-03	
   9.9015368e-01	   2.5325262e-03	
   9.8898154e-01	   2.8340063e-03	
   9.8776021e-01	   3.1481374e-03	
   9.8648645e-01	   3.4757556e-03	
   9.8515657e-01	   3.8178093e-03	
   9.8376637e-01	   4.1753756e-03	
   9.8231117e-01	   4.5496595e-03	
   9.8078573e-01	   4.9420115e-03	
   9.7918407e-01	   5.3539673e-03	
   9.7749937e-01	   5.7872806e-03	
   9.7572390e-01	   6.2439419e-03	
   9.7384887e-01	   6.7262075e-03	
   9.7186428e-01	   7.2366565e-03	
   9.6975854e-01	   7.7782632e-03	
   9.6751820e-01	   8.3544894e-03	
   9.6512744e-01	   8.9694075e-03	
   9.6256748e-01	   9.6278418e-03	
   9.5981611e-01	   1.0335508e-02	
   9.5684712e-01	   1.1099149e-02	
   9.5363011e-01	   1.1926581e-02	
   9.5013256e-01	   1.2826168e-02	
   9.4632858e-01	   1.3804573e-02	
   9.4221780e-01	   1.4861887e-02	
   9.3784514e-01	   1.5986559e-02	
   9.3329751e-01	   1.7156232e-02	
   9.2866923e-01	   1.8346650e-02	
   9.2402451e-01	   1.9541297e-02	
   9.1938758e-01	   2.0733939e-02	
   9.1475632e-01	   2.1925125e-02	
   9.1011854e-01	   2.3117987e-02	
   9.0546065e-01	   2.4316021e-02	
   9.0077004e-01	   2.5522471e-02	
   8.9603517e-01	   2.6740304e-02	
   8.9124536e-01	   2.7972269e-02	
   8.8639052e-01	   2.9220958e-02	
   8.8146108e-01	   3.0488836e-02	
   8.7644802e-01	   3.1778222e-02	
   8.7134286e-01	   3.3091298e-02	
   8.6613737e-01	   3.4430177e-02	
   8.6082359e-01	   3.5796910e-02	
   8.5539402e-01	   3.7193424e-02	
   8.4984143e-01	   3.8621578e-02	
   8.4415840e-01	   4.0083285e-02	
   8.3833741e-01	   4.1580473e-02	
   8.3237166e-01	   4.3114898e-02	
   8.2625487e-01	   4.4688168e-02	
   8.1998017e-01	   4.6302053e-02	
   8.1353961e-01	   4.7958600e-02	
   8.0692447e-01	   4.9660049e-02	
   8.0012519e-01	   5.1408862e-02	
   7.9313140e-01	   5.3207700e-02	
   7.8593345e-01	   5.5059053e-02	
   7.7852338e-01	   5.6964962e-02	
   7.7089366e-01	   5.8927366e-02	
   7.6303513e-01	   6.0948622e-02	
   7.5493674e-01	   6.3031570e-02	
   7.4658725e-01	   6.5179105e-02	
   7.3797805e-01	   6.7393436e-02	
   7.2910658e-01	   6.9675227e-02	
   7.1997773e-01	   7.2023215e-02	
   7.1060202e-01	   7.4434696e-02	
   7.0099225e-01	   7.6906382e-02	
   6.9116117e-01	   7.9434987e-02	
   6.8111958e-01	   8.2017737e-02	
   6.7087334e-01	   8.4653125e-02	
   6.6042102e-01	   8.7341518e-02	
   6.4975519e-01	   9.0084827e-02	
   6.3886859e-01	   9.2884919e-02	
   6.2776222e-01	   9.5741534e-02	
   6.1645023e-01	   9.8651039e-02	
   6.0495788e-01	   1.0160693e-01	
   5.9331275e-01	   1.0460212e-01	
   5.8153463e-01	   1.0763152e-01	
   5.6963394e-01	   1.1069244e-01	
   5.5762579e-01	   1.1378100e-01	
   5.4555320e-01	   1.1688613e-01	
   5.3350104e-01	   1.1998601e-01	
   5.2099511e-01	   1.2320260e-01	
   5.0849723e-01	   1.2641713e-01	
   4.9590475e-01	   1.2965598e-01	
   4.8316212e-01	   1.3293345e-01	
   4.7025382e-01	   1.3625353e-01	
   4.5719438e-01	   1.3961249e-01	
   4.4401972e-01	   1.4300108e-01	
   4.3078253e-01	   1.4640576e-01	
   4.1755186e-01	   1.4980876e-01	
   4.0440889e-01	   1.5318920e-01	
   3.9143313e-01	   1.5652663e-01	
   3.7868723e-01	   1.5980494e-01	
   3.6621260e-01	   1.6301348e-01	
   3.5403531e-01	   1.6614553e-01	
   3.4217422e-01	   1.6919625e-01	
   3.3064698e-01	   1.7216110e-01	
   3.1947430e-01	   1.7503475e-01	
   3.0868410e-01	   1.7780999e-01	
   2.9831590e-01	   1.8047668e-01	
   2.8842083e-01	   1.8302163e-01	
   2.7905268e-01	   1.8543099e-01	
   2.7025213e-01	   1.8769429e-01	
   2.6203313e-01	   1.8980790e-01	
   2.5437975e-01	   1.9177590e-01	
   2.4725433e-01	   1.9360793e-01	
   2.4061058e-01	   1.9531586e-01	
   2.3440207e-01	   1.9691159e-01	
   2.2858292e-01	   1.9840687e-01	
   2.2310507e-01	   1.9981401e-01	
   2.1791725e-01	   2.0114612e-01	
   2.1296804e-01	   2.0241634e-01	
   2.0821348e-01	   2.0363587e-01	
   2.0362462e-01	   2.0481205e-01	
   1.9918608e-01	   2.0594871e-01	
   1.9488449e-01	   2.0704916e-01	
   1.9069543e-01	   2.0811951e-01	
   1.8657924e-01	   2.0916975e-01	
   1.8248924e-01	   2.1021159e-01	
   1.7838598e-01	   2.1125481e-01	
   1.7424500e-01	   2.1230526e-01	
   1.7005153e-01	   2.1336628e-01	
   1.6579071e-01	   2.1444109e-01	
   1.6144701e-01	   2.1553290e-01	
   1.5701493e-01	   2.1664217e-01	
   1.5250784e-01	   2.1776441e-01	
   1.4795441e-01	   2.1889108e-01	
   1.4338720e-01	   2.2001257e-01	
   1.3883517e-01	   2.2112014e-01	
   1.3432383e-01	   2.2220589e-01	
   1.2987679e-01	   2.2326244e-01	
   1.2551422e-01	   2.2428334e-01	
   1.2125120e-01	   2.2526338e-01	
   1.1709843e-01	   2.2619837e-01	
   1.1306350e-01	   2.2708477e-01	
   1.0915086e-01	   2.2791953e-01	
   1.0536137e-01	   2.2870011e-01	
   1.0169324e-01	   2.2942404e-01	
   9.8143703e-02	   2.3008850e-01	
   9.4710258e-02	   2.3068993e-01	
   9.1391698e-02	   2.3122389e-01	
   8.8189435e-02	   2.3168507e-01	
   8.5107155e-02	   2.3206779e-01	
   8.2146484e-02	   2.3236711e-01	
   7.9302031e-02	   2.3257955e-01	
   7.6561335e-02	   2.3270268e-01	
   7.3909402e-02	   2.3273448e-01	
   7.1333181e-02	   2.3267340e-01	
   6.8823943e-02	   2.3251919e-01	
   6.6378988e-02	   2.3227443e-01	
   6.4002727e-02	   2.3194636e-01	
   6.1705628e-02	   2.3154821e-01	
   5.9503532e-02	   2.3109947e-01	
   5.7422601e-02	   2.3062567e-01	
   5.5507686e-02	   2.3015705e-01	
   5.3820045e-02	   2.2972271e-01	
   5.2411758e-02	   2.2934054e-01	
   5.1290346e-02	   2.2901154e-01	
   5.0408694e-02	   2.2872300e-01	
   4.9691320e-02	   2.2845478e-01	
   4.9069933e-02	   2.2818522e-01	
   4.8502142e-02	   2.2789629e-01	
   4.7968514e-02	   2.2757560e-01	
   4.7457799e-02	   2.2721277e-01	
   4.6955399e-02	   2.2679209e-01	
   4.6443160e-02	   2.2628850e-01	
   4.5906381e-02	   2.2567138e-01	
   4.5339243e-02	   2.2491344e-01	
   4.4743713e-02	   2.2399757e-01	
   4.4124783e-02	   2.2291794e-01	
   4.3487924e-02	   2.2167924e-01	
   4.2837875e-02	   2.2029422e-01	
   4.2175110e-02	   2.1877277e-01	
   4.1493157e-02	   2.1710994e-01	
   4.0780862e-02	   2.1528660e-01	
   4.0027194e-02	   2.1328053e-01	
   3.9224648e-02	   2.1107704e-01	
   3.8370436e-02	   2.0867424e-01	
   3.7466502e-02	   2.0608426e-01	
   3.6519168e-02	   2.0333251e-01	
   3.5538467e-02	   2.0045538e-01	
   3.4536594e-02	   1.9749527e-01	
   3.3525316e-02	   1.9449244e-01	
   3.2513509e-02	   1.9147753e-01	
   3.1506391e-02	   1.8846921e-01	
   3.0506425e-02	   1.8547704e-01	
   2.9514611e-02	   1.8250556e-01	
   2.8531336e-02	   1.7955701e-01	
   2.7556744e-02	   1.7663256e-01	
   2.6590874e-02	   1.7373289e-01	
   2.5633718e-02	   1.7085835e-01	
   2.4685245e-02	   1.6800913e-01	
   2.3745430e-02	   1.6518536e-01	
   2.2814265e-02	   1.6238716e-01	
   2.1891773e-02	   1.5961471e-01	
   2.0978011e-02	   1.5686826e-01	
   2.0073041e-02	   1.5414807e-01	
   1.9176919e-02	   1.5145434e-01	
   1.8289680e-02	   1.4878722e-01	
   1.7411357e-02	   1.4614682e-01	
   1.6541974e-02	   1.4353324e-01	
   1.5681557e-02	   1.4094656e-01	
   1.4830143e-02	   1.3838692e-01	
   1.3987802e-02	   1.3585453e-01	
   1.3154690e-02	   1.3334986e-01	
   1.2331125e-02	   1.3087388e-01	
   1.1517631e-02	   1.2842816e-01	
   1.0714867e-02	   1.2601469e-01	
   9.9234856e-03	   1.2363544e-01	
   9.1440447e-03	   1.2129207e-01	
   8.3770106e-03	   1.1898600e-01	
   7.6228187e-03	   1.1671854e-01	
   6.8819217e-03	   1.1449104e-01	
   6.1548221e-03	   1.1230502e-01	
   5.4421128e-03	   1.1016226e-01	
   4.7445387e-03	   1.0806501e-01	
   4.0630193e-03	   1.0601602e-01	
   3.3983953e-03	   1.0401782e-01	
   2.7505640e-03	   1.0207012e-01	
   2.1175152e-03	   1.0016685e-01	
   1.4972903e-03	   9.8302139e-02	
   9.0117563e-04	   9.6509914e-02	
   3.9080237e-04	   9.4975472e-02	
   8.7680648e-05	   9.4064133e-02	
   5.8515884e-06	   9.3818113e-02	
   4.9352656e-08	   9.3800669e-02	
   8.7770912e-12	   9.3800520e-02	
  -1.0368302e-25	   9.3800520e-02	
  -2.7132050e-27	   9.3800520e-02	
  -1.4034947e-29	   9.3800520e-02	
  -1.3397840e-31	   9.3800520e-02	
  -3.3733037e-34	   9.3800520e-02	
  -2.6876215e-37	   9.3800520e-02	
  -7.7950373e-41	   9.3800520e-02	
  -9.2571425e-46	   9.3800520e-02	
   1.7217225e-56	   9.3800520e-02	
   1.2639433e-61	   9.3800520e-02	
   3.3838877e-64	   9.3800520e-02	
   9.5831923e-69	   9.3800520e-02	
   9.5803903e-73	   9.3800520e-02	
   1.0174678e-79	   9.3800520e-02	
   2.2627025e-89	   9.3800520e-02	
   3.1719293e-99	   9.3800520e-02	
  1.4129775e-103	   9.3800520e-02	
  3.0229881e-107	   9.3800520e-02	
 -1.4294557e-111	   9.3800520e-02	
 -2.4301570e-116	   9.3800520e-02	
  1.1214169e-120	   9.3800520e-02	
  2.7923394e-125	   9.3800520e-02	
  1.9928632e-131	   9.3800520e-02	
 -5.4661717e-140	   9.3800520e-02	
   0.0000000e+00	   9.3800520e-02	
