   1.0000000e+00   3.6300000e+02
   9.7740820e-01   3.6300000e+02
   9.5481640e-01   3.6300000e+02
   9.3222459e-01   3.6300000e+02
   9.0963279e-01   3.6300000e+02
   8.8704099e-01   3.6300000e+02
   8.6444919e-01   3.6300000e+02
   8.4185739e-01   3.6300000e+02
   8.1926559e-01   3.6300000e+02
   7.9667378e-01   3.6300000e+02
   7.7408198e-01   3.6300000e+02
   7.5149018e-01   3.6300000e+02
   7.2889838e-01   3.6300000e+02
   7.0630658e-01   3.6300000e+02
   6.8371478e-01   3.6300000e+02
   6.6112297e-01   3.6300000e+02
   6.3853117e-01   3.6300000e+02
   6.1593937e-01   3.6300000e+02
   5.9334757e-01   3.6300000e+02
   5.7075577e-01   3.6300000e+02
   5.4816396e-01   3.6300000e+02
   5.2557216e-01   3.6300000e+02
   5.0298036e-01   3.6300000e+02
   4.8038856e-01   3.6300000e+02
   4.5779676e-01   3.6300000e+02
   4.3520496e-01   3.6300000e+02
   4.1261315e-01   3.6300000e+02
   3.9002135e-01   3.6300000e+02
   3.6742954e-01   3.6300000e+02
   3.4483771e-01   3.6300000e+02
   3.2224590e-01   3.6300000e+02
   2.9965424e-01   3.6300000e+02
   2.7706337e-01   3.6300001e+02
   2.5447527e-01   3.6300002e+02
   2.3189552e-01   3.6300009e+02
   2.0933787e-01   3.6300036e+02
   1.8683294e-01   3.6300125e+02
   1.6444291e-01   3.6300389e+02
   1.4228354e-01   3.6301077e+02
   1.2055258e-01   3.6302687e+02
   9.9559865e-02   3.6306077e+02
   7.9747040e-02   3.6312525e+02
   6.1675323e-02   3.6323605e+02
   4.5954762e-02   3.6340786e+02
   3.3104026e-02   3.6364781e+02
   2.3377388e-02   3.6394962e+02
   1.6647010e-02   3.6429374e+02
   1.2424233e-02   3.6465551e+02
   1.0021550e-02   3.6501651e+02
   8.7626383e-03   3.6536948e+02
   8.1289599e-03   3.6571133e+02
   7.7970270e-03   3.6603053e+02
   7.5975543e-03   3.6631768e+02
   7.4535270e-03   3.6658504e+02
   7.3329325e-03   3.6685157e+02
   7.2228802e-03   3.6712988e+02
   7.1181288e-03   3.6742638e+02
   7.0165193e-03   3.6774392e+02
   6.9171614e-03   3.6808354e+02
   6.8196710e-03   3.6844549e+02
   6.7238391e-03   3.6882979e+02
   6.6294955e-03   3.6923658e+02
   6.5364618e-03   3.6966624e+02
   6.4445431e-03   3.7011941e+02
   6.3535325e-03   3.7059703e+02
   6.2632167e-03   3.7110029e+02
   6.1733800e-03   3.7163066e+02
   6.0838044e-03   3.7218986e+02
   5.9942686e-03   3.7277996e+02
   5.9045445e-03   3.7340332e+02
   5.8143934e-03   3.7406275e+02
   5.7235607e-03   3.7476151e+02
   5.6317700e-03   3.7550344e+02
   5.5387163e-03   3.7629310e+02
   5.4440601e-03   3.7713587e+02
   5.3474229e-03   3.7803814e+02
   5.2483913e-03   3.7900732e+02
   5.1465410e-03   3.8005180e+02
   5.0415013e-03   3.8118022e+02
   4.9330830e-03   3.8240000e+02
   4.8214579e-03   3.8371472e+02
   4.7073115e-03   3.8512129e+02
   4.5918365e-03   3.8660868e+02
   4.4764918e-03   3.8815970e+02
   4.3626159e-03   3.8975574e+02
   4.2511079e-03   3.9138175e+02
   4.1423342e-03   3.9302881e+02
   4.0362444e-03   3.9469376e+02
   3.9325619e-03   3.9637721e+02
   3.8309362e-03   3.9808152e+02
   3.7310209e-03   3.9980964e+02
   3.6324994e-03   4.0156468e+02
   3.5350867e-03   4.0334972e+02
   3.4385244e-03   4.0516786e+02
   3.3425761e-03   4.0702227e+02
   3.2470230e-03   4.0891615e+02
   3.1516607e-03   4.1085280e+02
   3.0562968e-03   4.1283564e+02
   2.9607479e-03   4.1486819e+02
   2.8648380e-03   4.1695413e+02
   2.7683961e-03   4.1909729e+02
   2.6712546e-03   4.2130172e+02
   2.5732478e-03   4.2357168e+02
   2.4742097e-03   4.2591168e+02
   2.3739734e-03   4.2832651e+02
   2.2723688e-03   4.3082131e+02
   2.1692220e-03   4.3340154e+02
   2.0643543e-03   4.3607307e+02
   1.9575820e-03   4.3884214e+02
   1.8487167e-03   4.4171542e+02
   1.7375658e-03   4.4469997e+02
   1.6239314e-03   4.4780329e+02
   1.5076075e-03   4.5103345e+02
   1.3883775e-03   4.5439919e+02
   1.2660136e-03   4.5790997e+02
   1.1402820e-03   4.6157599e+02
   1.0109535e-03   4.6540788e+02
   8.7781814e-04   4.6941650e+02
   7.4070399e-04   4.7361249e+02
   5.9951007e-04   4.7800551e+02
   4.5428221e-04   4.8260218e+02
   3.0535137e-04   4.8740188e+02
   1.5349506e-04   4.9239144e+02
  -0.0000000e+00   4.9754254e+02
  -1.6851114e-04   5.0333797e+02
  -3.3816476e-04   5.0934725e+02
  -5.0962727e-04   5.1563501e+02
  -6.8282108e-04   5.2225565e+02
  -8.5691120e-04   5.2925171e+02
  -1.0304501e-03   5.3665493e+02
  -1.2015698e-03   5.4448485e+02
  -1.3681763e-03   5.5274218e+02
  -1.5281597e-03   5.6139929e+02
  -1.6796542e-03   5.7039573e+02
  -1.8213331e-03   5.7964647e+02
  -1.9526388e-03   5.8906303e+02
  -2.0738187e-03   5.9857716e+02
  -2.1857350e-03   6.0815378e+02
  -2.2895561e-03   6.1778829e+02
  -2.3864797e-03   6.2749455e+02
  -2.4775703e-03   6.3729256e+02
  -2.5637064e-03   6.4720070e+02
  -2.6455898e-03   6.5723241e+02
  -2.7237743e-03   6.6739525e+02
  -2.7986930e-03   6.7769039e+02
  -2.8706748e-03   6.8811152e+02
  -2.9399528e-03   6.9864302e+02
  -3.0066727e-03   7.0925833e+02
  -3.0709124e-03   7.1992067e+02
  -3.1327162e-03   7.3058732e+02
  -3.1921356e-03   7.4121650e+02
  -3.2492568e-03   7.5177338e+02
  -3.3042080e-03   7.6223293e+02
  -3.3571507e-03   7.7257967e+02
  -3.4082676e-03   7.8280612e+02
  -3.4577560e-03   7.9291166e+02
  -3.5058262e-03   8.0290224e+02
  -3.5527014e-03   8.1279000e+02
  -3.5986089e-03   8.2259104e+02
  -3.6437564e-03   8.3231944e+02
  -3.6882885e-03   8.4197684e+02
  -3.7322366e-03   8.5154059e+02
  -3.7754915e-03   8.6095734e+02
  -3.8178224e-03   8.7014829e+02
  -3.8589454e-03   8.7902609e+02
  -3.8986128e-03   8.8751647e+02
  -3.9366908e-03   8.9557631e+02
  -3.9732030e-03   9.0320199e+02
  -4.0083276e-03   9.1042651e+02
  -4.0423596e-03   9.1730862e+02
  -4.0756604e-03   9.2391966e+02
  -4.1086119e-03   9.3033255e+02
  -4.1415782e-03   9.3661304e+02
  -4.1748657e-03   9.4281230e+02
  -4.2086924e-03   9.4896208e+02
  -4.2431881e-03   9.5507657e+02
  -4.2784419e-03   9.6116257e+02
  -4.3145786e-03   9.6723324e+02
  -4.3518183e-03   9.7331688e+02
  -4.3904794e-03   9.7945553e+02
  -4.4309257e-03   9.8569486e+02
  -4.4734898e-03   9.9207249e+02
  -4.5184252e-03   9.9861232e+02
  -4.5659257e-03   1.0053300e+03
  -4.6162160e-03   1.0122471e+03
  -4.6696698e-03   1.0194062e+03
  -4.7269058e-03   1.0268818e+03
  -4.7888379e-03   1.0347839e+03
  -4.8566714e-03   1.0432552e+03
  -4.9318252e-03   1.0524597e+03
  -5.0157267e-03   1.0625564e+03
  -5.1094539e-03   1.0736554e+03
  -5.2132902e-03   1.0857613e+03
  -5.3264040e-03   1.0987304e+03
  -5.4469141e-03   1.1122764e+03
  -5.5724154e-03   1.1260382e+03
  -5.7007225e-03   1.1396804e+03
  -5.8304320e-03   1.1529692e+03
  -5.9610996e-03   1.1657927e+03
  -6.0931302e-03   1.1781399e+03
  -6.2275936e-03   1.1900684e+03
  -6.3660799e-03   1.2016771e+03
  -6.5106102e-03   1.2130867e+03
  -6.6636080e-03   1.2244289e+03
  -6.8279382e-03   1.2358442e+03
  -7.0069654e-03   1.2474810e+03
  -7.2044835e-03   1.2594901e+03
  -7.4243128e-03   1.2720031e+03
  -7.6694318e-03   1.2850940e+03
  -7.9408098e-03   1.2987307e+03
  -8.2365087e-03   1.3127368e+03
  -8.5517542e-03   1.3267929e+03
  -8.8801602e-03   1.3404900e+03
  -9.2154593e-03   1.3534079e+03
  -9.5527327e-03   1.3651712e+03
  -9.8885852e-03   1.3754566e+03
  -1.0220425e-02   1.3839683e+03
  -1.0545409e-02   1.3904197e+03
  -1.0859679e-02   1.3945588e+03
  -1.1158393e-02   1.3962418e+03
  -1.1436704e-02   1.3955150e+03
  -1.1691195e-02   1.3926363e+03
  -1.1920856e-02   1.3880012e+03
  -1.2127030e-02   1.3820239e+03
  -1.2312530e-02   1.3750480e+03
  -1.2480601e-02   1.3673192e+03
  -1.2634223e-02   1.3590011e+03
  -1.2775862e-02   1.3502024e+03
  -1.2907506e-02   1.3409943e+03
  -1.3030827e-02   1.3314191e+03
  -1.3147297e-02   1.3214926e+03
  -1.3258202e-02   1.3112126e+03
  -1.3364589e-02   1.3005727e+03
  -1.3467264e-02   1.2895728e+03
  -1.3566909e-02   1.2782150e+03
  -1.3664281e-02   1.2664846e+03
  -1.3760349e-02   1.2543319e+03
  -1.3856237e-02   1.2416765e+03
  -1.3952954e-02   1.2284462e+03
  -1.4051028e-02   1.2146388e+03
  -1.4150267e-02   1.2003715e+03
  -1.4249857e-02   1.1858740e+03
  -1.4348810e-02   1.1714157e+03
  -1.4446503e-02   1.1572106e+03
  -1.4542967e-02   1.1433623e+03
  -1.4638861e-02   1.1298698e+03
  -1.4735247e-02   1.1166685e+03
  -1.4833370e-02   1.1036736e+03
  -1.4934532e-02   1.0908064e+03
  -1.5040066e-02   1.0780047e+03
  -1.5151401e-02   1.0652206e+03
  -1.5270201e-02   1.0524105e+03
  -1.5398571e-02   1.0395248e+03
  -1.5539294e-02   1.0265029e+03
  -1.5696050e-02   1.0132807e+03
  -1.5873613e-02   9.9980855e+02
  -1.6078132e-02   9.8606467e+02
  -1.6317567e-02   9.7204610e+02
  -1.6602316e-02   9.5771733e+02
  -1.6946153e-02   9.4298663e+02
  -1.7368063e-02   9.2773833e+02
  -1.7896837e-02   9.1184035e+02
  -1.8582529e-02   8.9515676e+02
  -1.9521815e-02   8.7776596e+02
  -2.0905407e-02   8.6043543e+02
  -2.3088320e-02   8.4447383e+02
  -2.6660627e-02   8.3082095e+02
  -3.2462680e-02   8.1976903e+02
  -4.1477030e-02   8.1153332e+02
  -5.4580266e-02   8.0601702e+02
  -7.2243983e-02   8.0275309e+02
  -9.4348722e-02   8.0108427e+02
  -1.2022785e-01   8.0036243e+02
  -1.4891192e-01   8.0010209e+02
  -1.7942569e-01   8.0002352e+02
  -2.1099321e-01   8.0000425e+02
  -2.4310109e-01   8.0000056e+02
  -2.7545871e-01   8.0000004e+02
  -3.0792215e-01   8.0000000e+02
  -3.4042761e-01   8.0000000e+02
  -3.7294905e-01   8.0000000e+02
  -4.0547645e-01   8.0000000e+02
  -4.3800602e-01   8.0000000e+02
  -4.7053637e-01   8.0000000e+02
  -5.0306702e-01   8.0000000e+02
  -5.3559775e-01   8.0000000e+02
  -5.6812852e-01   8.0000000e+02
  -6.0065926e-01   8.0000000e+02
  -6.3318987e-01   8.0000000e+02
  -6.6572009e-01   8.0000000e+02
  -6.9824959e-01   8.0000000e+02
  -7.3077904e-01   8.0000000e+02
  -7.6331498e-01   8.0000000e+02
  -7.9588470e-01   8.0000000e+02
  -8.2856637e-01   8.0000000e+02
  -8.6152522e-01   8.0000000e+02
  -8.9501307e-01   8.0000000e+02
  -9.2927424e-01   8.0000000e+02
  -9.6436277e-01   8.0000000e+02
  -1.0000000e+00   8.0000000e+02
