   1.0000000e+00   3.6300000e+02
   9.8448984e-01   3.6300000e+02
   9.6897969e-01   3.6300000e+02
   9.5346953e-01   3.6300000e+02
   9.3795938e-01   3.6300000e+02
   9.2244922e-01   3.6300000e+02
   9.0693907e-01   3.6300000e+02
   8.9142891e-01   3.6300000e+02
   8.7591876e-01   3.6300000e+02
   8.6040860e-01   3.6300000e+02
   8.4489845e-01   3.6300000e+02
   8.2938829e-01   3.6300000e+02
   8.1387814e-01   3.6300000e+02
   7.9836798e-01   3.6300000e+02
   7.8285783e-01   3.6300000e+02
   7.6734767e-01   3.6300000e+02
   7.5183751e-01   3.6300000e+02
   7.3632736e-01   3.6300000e+02
   7.2081720e-01   3.6300000e+02
   7.0530705e-01   3.6300000e+02
   6.8979689e-01   3.6300000e+02
   6.7428674e-01   3.6300000e+02
   6.5877658e-01   3.6300000e+02
   6.4326643e-01   3.6300000e+02
   6.2775627e-01   3.6300000e+02
   6.1224612e-01   3.6300000e+02
   5.9673596e-01   3.6300000e+02
   5.8122581e-01   3.6300000e+02
   5.6571565e-01   3.6300000e+02
   5.5020550e-01   3.6300000e+02
   5.3469534e-01   3.6300000e+02
   5.1918518e-01   3.6300000e+02
   5.0367503e-01   3.6300000e+02
   4.8816487e-01   3.6300000e+02
   4.7265472e-01   3.6300000e+02
   4.5714456e-01   3.6300000e+02
   4.4163441e-01   3.6300000e+02
   4.2612425e-01   3.6300000e+02
   4.1061410e-01   3.6300000e+02
   3.9510395e-01   3.6300000e+02
   3.7959381e-01   3.6300000e+02
   3.6408370e-01   3.6300000e+02
   3.4857362e-01   3.6300001e+02
   3.3306366e-01   3.6300001e+02
   3.1755390e-01   3.6300003e+02
   3.0204459e-01   3.6300007e+02
   2.8653613e-01   3.6300014e+02
   2.7102931e-01   3.6300031e+02
   2.5552552e-01   3.6300063e+02
   2.4002718e-01   3.6300127e+02
   2.2453837e-01   3.6300247e+02
   2.0906581e-01   3.6300468e+02
   1.9362024e-01   3.6300864e+02
   1.7821846e-01   3.6301555e+02
   1.6288607e-01   3.6302729e+02
   1.4766115e-01   3.6304679e+02
   1.3259883e-01   3.6307839e+02
   1.1777645e-01   3.6312839e+02
   1.0329859e-01   3.6320557e+02
   8.9300101e-02   3.6332172e+02
   7.5944569e-02   3.6349177e+02
   6.3415866e-02   3.6373343e+02
   5.1903627e-02   3.6406574e+02
   4.1590295e-02   3.6450556e+02
   3.2650295e-02   3.6506053e+02
   2.5255159e-02   3.6571817e+02
   1.9544018e-02   3.6643876e+02
   1.5526501e-02   3.6717569e+02
   1.2984948e-02   3.6793369e+02
   1.1510042e-02   3.6878653e+02
   1.0670979e-02   3.6978040e+02
   1.0158458e-02   3.7083422e+02
   9.8046535e-03   3.7189234e+02
   9.5322094e-03   3.7295978e+02
   9.3061233e-03   3.7405368e+02
   9.1091289e-03   3.7518897e+02
   8.9317820e-03   3.7637738e+02
   8.7684711e-03   3.7762817e+02
   8.6156267e-03   3.7894889e+02
   8.4708150e-03   3.8034631e+02
   8.3322519e-03   3.8182724e+02
   8.1985475e-03   3.8339914e+02
   8.0685690e-03   3.8507040e+02
   7.9413584e-03   3.8685064e+02
   7.8160776e-03   3.8875091e+02
   7.6919677e-03   3.9078406e+02
   7.5683173e-03   3.9296509e+02
   7.4444369e-03   3.9531163e+02
   7.3196352e-03   3.9784459e+02
   7.1931980e-03   4.0058887e+02
   7.0643687e-03   4.0357433e+02
   6.9323368e-03   4.0683668e+02
   6.7962713e-03   4.1041735e+02
   6.6555257e-03   4.1435817e+02
   6.5101753e-03   4.1868350e+02
   6.3617193e-03   4.2337098e+02
   6.2131315e-03   4.2833595e+02
   6.0676788e-03   4.3346017e+02
   5.9274124e-03   4.3864720e+02
   5.7927265e-03   4.4385217e+02
   5.6629727e-03   4.4907137e+02
   5.5371999e-03   4.5431904e+02
   5.4145212e-03   4.5961304e+02
   5.2941937e-03   4.6497029e+02
   5.1756003e-03   4.7040625e+02
   5.0582213e-03   4.7593517e+02
   4.9416121e-03   4.8157032e+02
   4.8253843e-03   4.8732435e+02
   4.7091894e-03   4.9320962e+02
   4.5927083e-03   4.9923848e+02
   4.4756440e-03   5.0542330e+02
   4.3577200e-03   5.1177647e+02
   4.2386803e-03   5.1831010e+02
   4.1182867e-03   5.2503612e+02
   3.9963068e-03   5.3196670e+02
   3.8724999e-03   5.3911508e+02
   3.7466076e-03   5.4649602e+02
   3.6183536e-03   5.5412592e+02
   3.4874469e-03   5.6202254e+02
   3.3535938e-03   5.7020436e+02
   3.2165208e-03   5.7868900e+02
   3.0759992e-03   5.8749165e+02
   2.9318508e-03   5.9662438e+02
   2.7839326e-03   6.0609699e+02
   2.6321190e-03   6.1591799e+02
   2.4763080e-03   6.2609406e+02
   2.3164573e-03   6.3662762e+02
   2.1526264e-03   6.4751371e+02
   1.9850038e-03   6.5873796e+02
   1.8139191e-03   6.7027555e+02
   1.6398291e-03   6.8209197e+02
   1.4632387e-03   6.9414854e+02
   1.2845821e-03   7.0641081e+02
   1.1041852e-03   7.1885160e+02
   9.2236327e-04   7.3144487e+02
   7.3948967e-04   7.4416162e+02
   5.5584352e-04   7.5698162e+02
   3.7140890e-04   7.6990868e+02
   1.8605261e-04   7.8295871e+02
  -0.0000000e+00   7.9612458e+02
  -1.9667542e-04   8.1012228e+02
  -3.9726488e-04   8.2448816e+02
  -6.0484407e-04   8.3945175e+02
  -8.2147856e-04   8.5517480e+02
  -1.0484413e-03   8.7176493e+02
  -1.2864031e-03   8.8928469e+02
  -1.5355648e-03   9.0775571e+02
  -1.7957260e-03   9.2715979e+02
  -2.0662943e-03   9.4743928e+02
  -2.3463905e-03   9.6850874e+02
  -2.6350538e-03   9.9027623e+02
  -2.9313312e-03   1.0126550e+03
  -3.2342178e-03   1.0355643e+03
  -3.5425880e-03   1.0589107e+03
  -3.8551387e-03   1.0825879e+03
  -4.1702991e-03   1.1064724e+03
  -4.4861396e-03   1.1304203e+03
  -4.8003857e-03   1.1542723e+03
  -5.1106369e-03   1.1778742e+03
  -5.4147677e-03   1.2011083e+03
  -5.7113073e-03   1.2239201e+03
  -5.9995635e-03   1.2463222e+03
  -6.2794577e-03   1.2683760e+03
  -6.5513078e-03   1.2901689e+03
  -6.8158469e-03   1.3118117e+03
  -7.0743998e-03   1.3334516e+03
  -7.3287352e-03   1.3552611e+03
  -7.5803779e-03   1.3773781e+03
  -7.8300035e-03   1.3998447e+03
  -8.0777472e-03   1.4226255e+03
  -8.3241332e-03   1.4456825e+03
  -8.5702999e-03   1.4690075e+03
  -8.8173163e-03   1.4925681e+03
  -9.0660345e-03   1.5163070e+03
  -9.3180129e-03   1.5402459e+03
  -9.5759561e-03   1.5645380e+03
  -9.8425851e-03   1.5893625e+03
  -1.0119122e-02   1.6147835e+03
  -1.0405085e-02   1.6407352e+03
  -1.0699358e-02   1.6671233e+03
  -1.1001137e-02   1.6939096e+03
  -1.1309913e-02   1.7211078e+03
  -1.1625048e-02   1.7487394e+03
  -1.1945703e-02   1.7768141e+03
  -1.2270947e-02   1.8053182e+03
  -1.2599358e-02   1.8341571e+03
  -1.2928375e-02   1.8630802e+03
  -1.3254349e-02   1.8916798e+03
  -1.3573115e-02   1.9194571e+03
  -1.3880094e-02   1.9458636e+03
  -1.4169981e-02   1.9703105e+03
  -1.4437115e-02   1.9922332e+03
  -1.4676965e-02   2.0112354e+03
  -1.4887824e-02   2.0272216e+03
  -1.5071388e-02   2.0404090e+03
  -1.5231901e-02   2.0512137e+03
  -1.5374670e-02   2.0600986e+03
  -1.5504862e-02   2.0674624e+03
  -1.5626828e-02   2.0735879e+03
  -1.5743652e-02   2.0786250e+03
  -1.5856793e-02   2.0826044e+03
  -1.5966192e-02   2.0854945e+03
  -1.6071207e-02   2.0872803e+03
  -1.6171767e-02   2.0879988e+03
  -1.6268805e-02   2.0877076e+03
  -1.6363901e-02   2.0864364e+03
  -1.6458755e-02   2.0841642e+03
  -1.6554653e-02   2.0808303e+03
  -1.6651903e-02   2.0763841e+03
  -1.6749823e-02   2.0708400e+03
  -1.6847655e-02   2.0642640e+03
  -1.6945519e-02   2.0566952e+03
  -1.7044379e-02   2.0481009e+03
  -1.7145249e-02   2.0384181e+03
  -1.7248459e-02   2.0276327e+03
  -1.7353548e-02   2.0158238e+03
  -1.7459862e-02   2.0031160e+03
  -1.7567317e-02   1.9895813e+03
  -1.7676630e-02   1.9751872e+03
  -1.7789009e-02   1.9598178e+03
  -1.7905775e-02   1.9433215e+03
  -1.8028170e-02   1.9255429e+03
  -1.8157308e-02   1.9063365e+03
  -1.8294186e-02   1.8855728e+03
  -1.8439681e-02   1.8631437e+03
  -1.8594515e-02   1.8389723e+03
  -1.8759158e-02   1.8130323e+03
  -1.8933633e-02   1.7853812e+03
  -1.9117296e-02   1.7561968e+03
  -1.9308818e-02   1.7257764e+03
  -1.9506544e-02   1.6944728e+03
  -1.9709021e-02   1.6626041e+03
  -1.9915260e-02   1.6304080e+03
  -2.0124647e-02   1.5980549e+03
  -2.0336765e-02   1.5656789e+03
  -2.0551301e-02   1.5333930e+03
  -2.0768052e-02   1.5012900e+03
  -2.0986970e-02   1.4694388e+03
  -2.1208192e-02   1.4378815e+03
  -2.1432054e-02   1.4066344e+03
  -2.1659080e-02   1.3756926e+03
  -2.1889938e-02   1.3450385e+03
  -2.2125374e-02   1.3146538e+03
  -2.2366122e-02   1.2845330e+03
  -2.2612846e-02   1.2546908e+03
  -2.2866162e-02   1.2251597e+03
  -2.3126688e-02   1.1959840e+03
  -2.3395109e-02   1.1672141e+03
  -2.3672246e-02   1.1389019e+03
  -2.3959151e-02   1.1110954e+03
  -2.4257233e-02   1.0838339e+03
  -2.4568360e-02   1.0571490e+03
  -2.4894963e-02   1.0310694e+03
  -2.5240199e-02   1.0056245e+03
  -2.5608295e-02   9.8084153e+02
  -2.6005135e-02   9.5673925e+02
  -2.6439338e-02   9.3332962e+02
  -2.6924455e-02   9.1060352e+02
  -2.7484029e-02   8.8850055e+02
  -2.8164780e-02   8.6685556e+02
  -2.9076191e-02   8.4537668e+02
  -3.0506076e-02   8.2442802e+02
  -3.3166372e-02   8.0835696e+02
  -3.8435964e-02   8.0243693e+02
  -4.8105588e-02   8.0116405e+02
  -6.3345073e-02   8.0048512e+02
  -8.3786445e-02   8.0014726e+02
  -1.0786635e-01   8.0003240e+02
  -1.3392673e-01   8.0000532e+02
  -1.6087554e-01   8.0000068e+02
  -1.8817665e-01   8.0000007e+02
  -2.1560927e-01   8.0000001e+02
  -2.4308971e-01   8.0000000e+02
  -2.7058724e-01   8.0000000e+02
  -2.9809080e-01   8.0000000e+02
  -3.2559647e-01   8.0000000e+02
  -3.5310287e-01   8.0000000e+02
  -3.8060951e-01   8.0000000e+02
  -4.0811624e-01   8.0000000e+02
  -4.3562300e-01   8.0000000e+02
  -4.6312976e-01   8.0000000e+02
  -4.9063653e-01   8.0000000e+02
  -5.1814330e-01   8.0000000e+02
  -5.4565007e-01   8.0000000e+02
  -5.7315684e-01   8.0000000e+02
  -6.0066361e-01   8.0000000e+02
  -6.2817038e-01   8.0000000e+02
  -6.5567715e-01   8.0000000e+02
  -6.8318392e-01   8.0000000e+02
  -7.1069067e-01   8.0000000e+02
  -7.3819703e-01   8.0000000e+02
  -7.6570144e-01   8.0000000e+02
  -7.9319953e-01   8.0000000e+02
  -8.2068616e-01   8.0000000e+02
  -8.4818351e-01   8.0000000e+02
  -8.7584917e-01   8.0000000e+02
  -9.0417676e-01   8.0000000e+02
  -9.3404216e-01   8.0000000e+02
  -9.6613930e-01   8.0000000e+02
  -1.0000000e+00   8.0000000e+02
